
motor_r = 1.401119371183164e-10;
motor_l = 0.007666994956662;
motor_k = 0.002905412195724;
motor_j = 1.798932680371403;
motor_b = 0.010711038826251;